3,2
3,1
3,3
10,268
10,104
10,278
10,132
10,290
10,286
10,126
10,1
10,208
10,2
10,3
11,14
11,29
11,27
11,12
11,16
11,13
11,1
11,6
11,2
11,3
9,7
9,4
9,1
9,6
9,2
9,3
8,17
8,10
8,14
8,6
8,8
8,4
8,1
8,7
8,2
8,3
12,2
12,1
12,3
20,2
20,1
20,3
19,2
19,1
19,3
1241,3
1241,2
1241,1
1241,0
1240,3
1240,2
1240,1
1240,0
1239,3
1239,2
1239,1
1239,0
1238,3
1238,2
1238,1
1238,0
1237,4
1237,3
1237,2
1237,1
1237,0
1236,4
1236,3
1236,2
18,1
18,3
14,1
14,3
13,1
13,3
1236,1
1236,0
1235,3
1235,2
1235,1
1235,0
2,2
2,1
2,3
0,0
1242,34
1242,33
1242,32
1242,31
1242,30
1242,29
1242,28
1242,27
1242,26
1242,25
1242,24
1242,23
1242,22
1242,21
1242,20
1242,19
